
model {

# ---------- P[1,1] ----------
term0_11 <- 1
term1_11 <- -u * lambda12

term2a_11 <- u * u * lambda12 * lambda12
term2b_11 <- u * u * lambda12 * lambda21
term2_11  <- 0.5 * (term2a_11 + term2b_11)

term3a_11 <- -0.5 * u * (term2a_11 + term2b_11) * lambda12
term3b1_11 <- -u * u * lambda12 * lambda21
term3b2_11 <- u * u * (-lambda21 - lambda23 - lambda24) * lambda21
term3b_11 <- 0.5 * u * (term3b1_11 + term3b2_11) * lambda12
term3_11  <- (1/3) * (term3a_11 + term3b_11)

sub4a_11 <- 0.5 * u * u * u * lambda21 * lambda23 * lambda32
sub4b_11 <- 0.5 * u * (term2a_11 + term2b_11) * lambda21
sub4c_11 <- 0.5 * u * (term3b1_11 + term3b2_11) * (-lambda21 - lambda23 - lambda24)
inner4a_11 <- (1/3) * u * (sub4a_11 + sub4b_11 + sub4c_11) * lambda12

sub4d_11 <- -0.5 * u * (term2a_11 + term2b_11) * lambda12
sub4e_11 <- 0.5 * u * (term3b1_11 + term3b2_11) * lambda12
inner4b_11 <- -(1/3) * u * (sub4d_11 + sub4e_11) * lambda12

term4_11 <- (1/4) * (inner4a_11 + inner4b_11)

P[1,1] <- term0_11 + term1_11 + term2_11 + term3_11 + term4_11


# ---------- P[1,2] ----------
term1_12 <- u * lambda12

term2a_12 <- -u * u * lambda12 * lambda12
term2b_12 <- u * u * lambda12 * (-lambda21 - lambda23 - lambda24)
term2_12  <- 0.5 * (term2a_12 + term2b_12)

term3a_12 <- -0.5 * u * (term2a_12 + term2b_12) * lambda12
term3b_12 <- 0.5 * u * (
  u * u * lambda12 * lambda21 +
  u * u * (-lambda21 - lambda23 - lambda24) * (-lambda21 - lambda23 - lambda24) +
  u * u * lambda23 * lambda32
) * lambda12
term3_12 <- (1/3) * (term3a_12 + term3b_12)

sub4a_12 <- -0.5 * u * (term2a_12 + term2b_12) * lambda12
sub4b_12 <- 0.5 * u * (
  u * u * lambda12 * lambda21 +
  u * u * (-lambda21 - lambda23 - lambda24) * (-lambda21 - lambda23 - lambda24) +
  u * u * lambda23 * lambda32
) * lambda12
inner4a_12 <- -(1/3) * u * (sub4a_12 + sub4b_12) * lambda12

inner4b_12 <- (1/3) * u * (
  0.5 * u * (term2a_12 + term2b_12) * lambda21 +
  0.5 * u * (
    u * u * lambda12 * lambda21 +
    u * u * (-lambda21 - lambda23 - lambda24) * (-lambda21 - lambda23 - lambda24) +
    u * u * lambda23 * lambda32
  ) * (-lambda21 - lambda23 - lambda24) +
  0.5 * u * (
    u * u * (-lambda21 - lambda23 - lambda24) * lambda32 +
    u * u * lambda32 * (-lambda32 - lambda34)
  ) * lambda23
) * lambda12

term4_12 <- (1/4) * (inner4a_12 + inner4b_12)

P[1,2] <- term1_12 + term2_12 + term3_12 + term4_12


# ---------- P[1,3] ----------
# term2_13 <- 0.5 * u * u * lambda12 * lambda23
# 
# term3a_13 <- -0.5 * u * u * u * lambda12 * lambda12 * lambda23
# term3b_13 <- 0.5 * u * (
#   u * u * (-lambda21 - lambda23 - lambda24) * lambda23 +
#   u * u * lambda23 * (-lambda32 - lambda34)
# ) * lambda12
# term3_13  <- (1/3) * (term3a_13 + term3b_13)
# 
# inner4a_13 <- -0.5 * u * (term3a_13 + term3b_13) * lambda12
# inner4b_13 <- (1/3) * u * (
#   0.5 * u * u * u * lambda12 * lambda21 * lambda23 +
#   0.5 * u * (
#     u * u * (-lambda21 - lambda23 - lambda24) * lambda23 +
#     u * u * lambda23 * (-lambda32 - lambda34)
#   ) * (-lambda21 - lambda23 - lambda24) +
#   0.5 * u * (
#     u * u * lambda23 * lambda32 +
#     u * u * (-lambda32 - lambda34) * (-lambda32 - lambda34)
#   ) * lambda23
# ) * lambda12
# 
# term4_13 <- (1/4) * (inner4a_13 + inner4b_13)
# 
# P[1,3] <- term2_13 + term3_13 + term4_13
# 
# 
# # ---------- P[1,4] ----------
# term2_14 <- 0.5 * u * u * lambda12 * lambda24
# 
# term3a_14 <- -0.5 * u * u * u * lambda12 * lambda12 * lambda24
# term3b_14 <- 0.5 * u * (
#   u * u * (-lambda21 - lambda23 - lambda24) * lambda24 +
#   u * u * lambda23 * lambda34
# ) * lambda12
# term3_14  <- (1/3) * (term3a_14 + term3b_14)
# 
# inner4a_14 <- -0.5 * u * (term3a_14 + term3b_14) * lambda12
# inner4b_14 <- (1/3) * u * (
#   0.5 * u * u * u * lambda12 * lambda21 * lambda24 +
#   0.5 * u * (
#     u * u * (-lambda21 - lambda23 - lambda24) * lambda24 +
#     u * u * lambda23 * lambda34
#   ) * (-lambda21 - lambda23 - lambda24) +
#   0.5 * u * (
#     u * u * lambda24 * lambda32 +
#     u * u * (-lambda32 - lambda34) * lambda34
#   ) * lambda23
# ) * lambda12
# 
# term4_14 <- (1/4) * (inner4a_14 + inner4b_14)
# 
# P[1,4] <- term2_14 + term3_14 + term4_14

# ---------- P[2,1] ----------
# First-order term
term1_21 <- u * lambda21

# Second-order
term2a_21 <- -u * u * lambda12 * lambda21
term2b_21 <- u * u * (-lambda21 - lambda23 - lambda24) * lambda21
term2_21 <- 0.5 * (term2a_21 + term2b_21)

# Third-order
term3a_21 <- 0.5 * u * u * u * lambda21 * lambda23 * lambda32
term3b_21 <- 0.5 * u * (u * u * lambda12 * lambda12 + u * u * lambda12 * lambda21) * lambda21
term3c_21 <- 0.5 * u * (-u * u * lambda12 * lambda21 + u * u * (-lambda21 - lambda23 - lambda24) * lambda21) * (-lambda21 - lambda23 - lambda24)
term3_21 <- (1/3) * (term3a_21 + term3b_21 + term3c_21)

# Fourth-order
inner4a_21 <- (1/3) * u * (term3a_21 + term3b_21 + term3c_21) * (-lambda21 - lambda23 - lambda24)
inner4b_21 <- (1/3) * u * (
  0.5 * u * u * u * lambda21 * lambda32 * (-lambda32 - lambda34) +
  0.5 * u * (-u * u * lambda12 * lambda21 + u * u * (-lambda21 - lambda23 - lambda24) * lambda21) * lambda32
) * lambda23
inner4c_21 <- (1/3) * u * (
  -0.5 * u * (u * u * lambda12 * lambda12 + u * u * lambda12 * lambda21) * lambda12 +
   0.5 * u * (-u * u * lambda12 * lambda21 + u * u * (-lambda21 - lambda23 - lambda24) * lambda21) * lambda12
) * lambda21
term4_21 <- (1/4) * (inner4a_21 + inner4b_21 + inner4c_21)

# Fifth-order
sub5a_21 <- (1/3) * u * (
  term3a_21 + term3b_21 + term3c_21
) * lambda12

sub5b_21 <- (1/3) * u * (
  -0.5 * u * (u * u * lambda12 * lambda12 + u * u * lambda12 * lambda21) * lambda12 +
   0.5 * u * (-u * u * lambda12 * lambda21 + u * u * (-lambda21 - lambda23 - lambda24) * lambda21) * lambda12
) * lambda12

inner5a_21 <- (1/4) * u * (sub5a_21 - sub5b_21) * lambda21

inner5b_21 <- (1/4) * u * (inner4a_21 + inner4b_21 + inner4c_21) * (-lambda21 - lambda23 - lambda24)

inner5c_21 <- (1/4) * u * (
  (1/3) * u * (term3a_21 + term3b_21 + term3c_21) * lambda32 +
  (1/3) * u * (
    0.5 * u * u * u * lambda21 * lambda32 * (-lambda32 - lambda34) +
    0.5 * u * (-u * u * lambda12 * lambda21 + u * u * (-lambda21 - lambda23 - lambda24) * lambda21) * lambda32
  ) * (-lambda32 - lambda34)
) * lambda23

term5_21 <- (1/5) * (inner5a_21 + inner5b_21 + inner5c_21)

P[2,1] <- term1_21 + term2_21 + term3_21 + term4_21 + term5_21

# ---------- P[2,2] ----------
term0_22 <- 1
term1_22 <- u * (-lambda21 - lambda23 - lambda24)

term2a_22 <- u * u * lambda12 * lambda21
term2b_22 <- u * u * (-lambda21 - lambda23 - lambda24) * (-lambda21 - lambda23 - lambda24)
term2c_22 <- u * u * lambda23 * lambda32
term2_22 <- 0.5 * (term2a_22 + term2b_22 + term2c_22)

term3a_22 <- 0.5 * u * (-u * u * lambda12 * lambda12 + u * u * lambda12 * (-lambda21 - lambda23 - lambda24)) * lambda21
term3b_22 <- 0.5 * u * (term2a_22 + term2b_22 + term2c_22) * (-lambda21 - lambda23 - lambda24)
term3c_22 <- 0.5 * u * (
  u * u * (-lambda21 - lambda23 - lambda24) * lambda32 +
  u * u * lambda32 * (-lambda32 - lambda34)
) * lambda23
term3_22 <- (1/3) * (term3a_22 + term3b_22 + term3c_22)

inner4a_22 <- (1/3) * u * (
  -0.5 * u * (-u * u * lambda12 * lambda12 + u * u * lambda12 * (-lambda21 - lambda23 - lambda24)) * lambda12 +
   0.5 * u * (term2a_22 + term2b_22 + term2c_22) * lambda12
) * lambda21

inner4b_22 <- (1/3) * u * (term3a_22 + term3b_22 + term3c_22) * (-lambda21 - lambda23 - lambda24)

inner4c_22 <- (1/3) * u * (
  0.5 * u * term2_22 * lambda32 +
  0.5 * u * (
    u * u * (-lambda21 - lambda23 - lambda24) * lambda32 +
    u * u * lambda32 * (-lambda32 - lambda34)
  ) * (-lambda32 - lambda34)
) * lambda23

term4_22 <- (1/4) * (inner4a_22 + inner4b_22 + inner4c_22)

term5a_22 <- (1/4) * u * (
  - (1/3) * u * (inner4a_22) * lambda12 +
    (1/3) * u * (term3a_22 + term3b_22 + term3c_22) * lambda12
) * lambda21

term5b_22 <- (1/4) * u * (inner4a_22 + inner4b_22 + inner4c_22) * (-lambda21 - lambda23 - lambda24)

